num <- c(12, 8, 11, 16, 7, 24, 1, 4, 3, 24, 21, 16, 20, 11, 19, 28, 28, 15, 30, 17, 17, 1, 9, 25, 30, 20, 26, 8, 18, 21, 3)
chr <- c('T','h','e','F','i','v','e','B','o','x','i','n','g','W','i','z','a','r','d','s','J','u','m','p','Q','u','i','c','k','l','y')
even_caps<- as.logical ((num%%2 == 0) & (chr %in% LETTERS))